0	0
1	0
2	0
3	0
4	0
5	0
6	1
7	1
8	2
9	3
10	4
11	5
12	6
13	7
14	8
15	9
16	9
17	11
18	12
19	13
20	13
21	14
22	15
23	15
24	16
25	17
26	17
27	18
28	19
29	20
30	20
31	21
32	21
33	22
34	22
35	23
36	23
37	24
38	24
39	25
40	25
41	25
42	26
43	26
44	27
45	27
46	28
47	28
48	29
49	29
50	30
51	31
52	32
53	33
54	34
55	34
56	35
57	36
58	37
59	38
60	39
61	40
62	40
63	41
64	42
65	43
66	44
67	45
68	46
69	47
70	48
71	49
72	49
73	51
74	52
75	53
76	54
77	55
78	57
79	58
80	60
81	62
82	64
83	66
84	68
85	70
86	72
87	74
88	76
89	79
90	81
91	84
92	86
93	89
94	91
95	94
96	97
97	100
98	102
99	104
100	106
101	108
102	109
103	110
104	112
105	113
106	114
107	115
108	116
109	118
110	119
111	120
112	121
113	122
114	123
115	124
116	125
117	126
118	127
119	128
120	129
121	130
122	131
123	132
124	133
125	134
126	135
127	135
128	136
129	137
130	138
131	139
132	141
133	142
134	143
135	144
136	145
137	147
138	148
139	150
140	151
141	153
142	154
143	156
144	157
145	159
146	160
147	162
148	163
149	165
150	166
151	168
152	170
153	171
154	173
155	175
156	177
157	178
158	180
159	182
160	184
161	185
162	187
163	189
164	191
165	193
166	195
167	196
168	198
169	199
170	201
171	202
172	204
173	206
174	207
175	209
176	211
177	212
178	214
179	215
180	216
181	218
182	220
183	221
184	223
185	225
186	227
187	229
188	231
189	233
190	235
191	237
192	239
193	240
194	241
195	242
196	243
197	243
198	244
199	245
200	245
201	246
202	247
203	247
204	248
205	248
206	249
207	249
208	250
209	250
210	251
211	252
212	252
213	253
214	253
215	254
216	254
217	254
218	254
219	255
220	255
221	255
222	255
223	255
224	255
225	255
226	255
227	255
228	255
229	255
230	255
231	255
232	255
233	255
234	255
235	255
236	255
237	255
238	255
239	255
240	255
241	255
242	255
243	255
244	255
245	255
246	255
247	255
248	255
249	255
250	255
251	255
252	255
253	255
254	255
255	255
