0	0
1	0
2	0
3	0
4	0
5	0
6	0
7	1
8	1
9	1
10	1
11	1
12	1
13	1
14	1
15	1
16	1
17	1
18	1
19	1
20	2
21	2
22	2
23	2
24	2
25	2
26	2
27	2
28	2
29	2
30	2
31	2
32	2
33	2
34	3
35	3
36	3
37	3
38	3
39	3
40	3
41	3
42	3
43	4
44	4
45	4
46	4
47	4
48	4
49	4
50	5
51	5
52	5
53	5
54	5
55	5
56	6
57	6
58	6
59	6
60	7
61	7
62	7
63	8
64	8
65	9
66	9
67	10
68	11
69	12
70	13
71	14
72	15
73	17
74	19
75	21
76	23
77	25
78	27
79	30
80	32
81	35
82	38
83	40
84	43
85	45
86	47
87	49
88	50
89	52
90	53
91	54
92	54
93	55
94	56
95	57
96	58
97	59
98	60
99	61
100	62
101	63
102	64
103	65
104	66
105	67
106	68
107	69
108	70
109	71
110	72
111	73
112	74
113	75
114	76
115	77
116	78
117	79
118	80
119	81
120	83
121	84
122	85
123	86
124	88
125	89
126	91
127	92
128	94
129	96
130	97
131	99
132	101
133	103
134	105
135	106
136	109
137	111
138	113
139	115
140	117
141	119
142	122
143	124
144	127
145	129
146	132
147	134
148	137
149	140
150	142
151	145
152	148
153	151
154	154
155	157
156	159
157	162
158	165
159	168
160	171
161	174
162	176
163	179
164	182
165	185
166	188
167	190
168	193
169	195
170	198
171	201
172	203
173	206
174	208
175	211
176	214
177	216
178	219
179	221
180	224
181	226
182	228
183	230
184	233
185	235
186	237
187	239
188	241
189	243
190	244
191	247
192	248
193	250
194	252
195	252
196	252
197	253
198	253
199	253
200	254
201	254
202	255
203	255
204	255
205	255
206	255
207	255
208	255
209	255
210	255
211	255
212	255
213	255
214	255
215	255
216	255
217	255
218	255
219	255
220	255
221	255
222	255
223	255
224	255
225	255
226	255
227	255
228	255
229	255
230	255
231	255
232	255
233	255
234	255
235	255
236	255
237	255
238	255
239	255
240	255
241	255
242	255
243	255
244	255
245	255
246	255
247	255
248	255
249	255
250	255
251	255
252	255
253	255
254	255
255	255
